n=25;                                                                                                                                                                                                       p=3;                                                                                                                                                                                                                                                                                                                                                                                                                    P=[[0,1,0,0,1,1,0,0,0,0,0,0,0,0,0,0,0,0,0,0,0,0,0,0,0]                                                                                                                                                      [1,0,1,0,0,1,1,0,0,0,0,0,0,0,0,0,0,0,0,0,0,0,0,0,0]                                                                                                                                                         [0,1,0,1,0,0,1,1,0,0,0,0,0,0,0,0,0,0,0,0,0,0,0,0,0]                                                                                                                                                         [0,0,1,0,1,0,0,1,1,0,0,0,0,0,0,0,0,0,0,0,0,0,0,0,0]                                                                                                                                                         [1,0,0,1,0,1,0,0,1,1,0,0,0,0,0,0,0,0,0,0,0,0,0,0,0]                                                                                                                                                         [1,1,0,0,1,0,1,0,0,1,1,0,0,0,0,0,0,0,0,0,0,0,0,0,0]                                                                                                                                                         [0,1,1,0,0,1,0,1,0,0,1,1,0,0,0,0,0,0,0,0,0,0,0,0,0]                                                                                                                                                         [0,0,1,1,0,0,1,0,1,0,0,1,1,0,0,0,0,0,0,0,0,0,0,0,0]                                                                                                                                                         [0,0,0,1,1,0,0,1,0,1,0,0,1,1,0,0,0,0,0,0,0,0,0,0,0]                                                                                                                                                         [0,0,0,0,1,1,0,0,1,0,1,0,0,1,1,0,0,0,0,0,0,0,0,0,0]                                                                                                                                                         [0,0,0,0,0,1,1,0,0,1,0,1,0,0,1,1,0,0,0,0,0,0,0,0,0]                                                                                                                                                         [0,0,0,0,0,0,1,1,0,0,1,0,1,0,0,1,1,0,0,0,0,0,0,0,0]                                                                                                                                                         [0,0,0,0,0,0,0,1,1,0,0,1,0,1,0,0,0,1,0,0,0,0,0,0,0]                                                                                                                                                         [0,0,0,0,0,0,0,0,1,1,0,0,1,0,1,0,0,0,1,0,0,0,0,0,0]                                                                                                                                                         [0,0,0,0,0,0,0,0,0,1,1,0,0,1,0,1,0,0,0,1,0,0,0,0,0]                                                                                                                                                         [0,0,0,0,0,0,0,0,0,0,1,1,0,0,1,0,1,0,0,0,1,0,0,0,0]                                                                                                                                                         [0,0,0,0,0,0,0,0,0,0,0,1,0,0,0,1,0,1,0,0,0,1,0,0,0]                                                                                                                                                         [0,0,0,0,0,0,0,0,0,0,0,0,1,0,0,0,1,0,1,0,0,0,1,0,0]                                                                                                                                                         [0,0,0,0,0,0,0,0,0,0,0,0,0,1,0,0,0,1,0,1,0,0,0,1,0]                                                                                                                                                         [0,0,0,0,0,0,0,0,0,0,0,0,0,0,1,0,0,0,1,0,0,0,0,0,1]                                                                                                                                                         [0,0,0,0,0,0,0,0,0,0,0,0,0,0,0,1,0,0,0,0,0,1,0,0,0]                                                                                                                                                         [0,0,0,0,0,0,0,0,0,0,0,0,0,0,0,0,1,0,0,0,1,0,1,0,0]                                                                                                                                                         [0,0,0,0,0,0,0,0,0,0,0,0,0,0,0,0,0,1,0,0,0,1,0,1,0]                                                                                                                                                         [0,0,0,0,0,0,0,0,0,0,0,0,0,0,0,0,0,0,1,0,0,0,1,0,1]                                                                                                                                                         [0,0,0,0,0,0,0,0,0,0,0,0,0,0,0,0,0,0,0,1,0,0,0,1,0]                                                                                                                                                                                                                                                                                                                                                                     d=[[0,1.1402,1.8491,0.74684,0.99813,0.77168,0.68785,2.031,0.84931,0.82547,0.75198,0.73636,0.56816,0.19024,1.9215,0.31667,0.37271,0.24674,0.010309,0.39491,1.0104,1.0402,0.64199,0.77644,0.55317]            [1.1402,0,0.70893,0.39338,0.14209,0.36853,0.45237,0.89079,0.29091,0.31475,0.38824,0.40386,0.57206,0.94998,3.0617,1.4569,0.76751,1.387,1.1299,0.74531,2.1506,2.1804,1.7822,0.36378,1.6934]                   [1.8491,0.70893,0,1.1023,0.85101,1.0775,1.1613,0.18187,0.99984,1.0237,1.0972,1.1128,1.281,1.6589,3.7707,2.1658,1.4764,2.0959,1.8388,1.4542,2.8595,2.8894,2.4911,1.0727,2.4023]                              [0.74684,0.39338,1.1023,0,0.25129,0.024844,0.058991,1.2842,0.10247,0.078627,0.0051412,0.01048,0.17868,0.5566,2.6684,1.0635,0.37413,0.99358,0.73653,0.35193,1.7572,1.7871,1.3888,0.029598,1.3]               [0.99813,0.14209,0.85101,0.25129,0,0.22645,0.31028,1.0329,0.14883,0.17266,0.24615,0.26177,0.42998,0.8079,2.9196,1.3148,0.62542,1.2449,0.98782,0.60322,2.0085,2.0384,1.6401,0.22169,1.5513]                  [0.77168,0.36853,1.0775,0.024844,0.22645,0,0.083835,1.2593,0.077622,0.053783,0.019703,0.035324,0.20353,0.58145,2.6932,1.0883,0.39897,1.0184,0.76138,0.37677,1.7821,1.8119,1.4137,0.0047534,1.3249]          [0.68785,0.45237,1.1613,0.058991,0.31028,0.083835,0,1.3432,0.16146,0.13762,0.064132,0.048511,0.11969,0.49761,2.6094,1.0045,0.31514,0.93459,0.67754,0.29294,1.6982,1.7281,1.3298,0.088589,1.241]             [2.031,0.89079,0.18187,1.2842,1.0329,1.2593,1.3432,0,1.1817,1.2055,1.279,1.2947,1.4629,1.8408,3.9525,2.3477,1.6583,2.2777,2.0207,1.6361,3.0414,3.0712,2.673,1.2546,2.5842]                                  [0.84931,0.29091,0.99984,0.10247,0.14883,0.077622,0.16146,1.1817,0,0.023839,0.097325,0.11295,0.28115,0.65907,2.7708,1.166,0.47659,1.096,0.839,0.4544,1.8597,1.8895,1.4913,0.072869,1.4025]                  [0.82547,0.31475,1.0237,0.078627,0.17266,0.053783,0.13762,1.2055,0.023839,0,0.073486,0.089107,0.25731,0.63523,2.747,1.1421,0.45276,1.0722,0.81516,0.43056,1.8359,1.8657,1.4675,0.04903,1.3786]              [0.75198,0.38824,1.0972,0.0051412,0.24615,0.019703,0.064132,1.279,0.097325,0.073486,0,0.015621,0.18383,0.56175,2.6735,1.0686,0.37927,0.99872,0.74167,0.35707,1.7624,1.7922,1.394,0.024456,1.3052]           [0.73636,0.40386,1.1128,0.01048,0.26177,0.035324,0.048511,1.2947,0.11295,0.089107,0.015621,0,0.1682,0.54612,2.6579,1.053,0.36365,0.9831,0.72605,0.34145,1.7468,1.7766,1.3783,0.040077,1.2895]               [0.56816,0.57206,1.281,0.17868,0.42998,0.20353,0.11969,1.4629,0.28115,0.25731,0.18383,0.1682,0,0.37792,2.4897,0.88482,0.19544,0.81489,0.55785,0.17325,1.5786,1.6084,1.2101,0.20828,1.1213]                  [0.19024,0.94998,1.6589,0.5566,0.8079,0.58145,0.49761,1.8408,0.65907,0.63523,0.56175,0.54612,0.37792,0,2.1118,0.5069,0.18248,0.43697,0.17993,0.20467,1.2006,1.2305,0.83222,0.5862,0.74341]                  [1.9215,3.0617,3.7707,2.6684,2.9196,2.6932,2.6094,3.9525,2.7708,2.747,2.6735,2.6579,2.4897,2.1118,0,1.6049,2.2942,1.6748,1.9318,2.3164,0.91112,0.88129,1.2795,2.698,1.3683]                                 [0.31667,1.4569,2.1658,1.0635,1.3148,1.0883,1.0045,2.3477,1.166,1.1421,1.0686,1.053,0.88482,0.5069,1.6049,0,0.68938,0.069929,0.32697,0.71158,0.69373,0.72356,0.32532,1.0931,0.23651]                        [0.37271,0.76751,1.4764,0.37413,0.62542,0.39897,0.31514,1.6583,0.47659,0.45276,0.37927,0.36365,0.19544,0.18248,2.2942,0.68938,0,0.61945,0.3624,0.022198,1.3831,1.4129,1.0147,0.40373,0.92588]               [0.24674,1.387,2.0959,0.99358,1.2449,1.0184,0.93459,2.2777,1.096,1.0722,0.99872,0.9831,0.81489,0.43697,1.6748,0.069929,0.61945,0,0.25704,0.64165,0.76366,0.79349,0.39525,1.0232,0.30644]                    [0.010309,1.1299,1.8388,0.73653,0.98782,0.76138,0.67754,2.0207,0.839,0.81516,0.74167,0.72605,0.55785,0.17993,1.9318,0.32697,0.3624,0.25704,0,0.3846,1.0207,1.0505,0.65229,0.76613,0.56348]                  [0.39491,0.74531,1.4542,0.35193,0.60322,0.37677,0.29294,1.6361,0.4544,0.43056,0.35707,0.34145,0.17325,0.20467,2.3164,0.71158,0.022198,0.64165,0.3846,0,1.4053,1.4351,1.0369,0.38153,0.94808]                [1.0104,2.1506,2.8595,1.7572,2.0085,1.7821,1.6982,3.0414,1.8597,1.8359,1.7624,1.7468,1.5786,1.2006,0.91112,0.69373,1.3831,0.76366,1.0207,1.4053,0,0.029825,0.36841,1.7868,0.45722]                          [1.0402,2.1804,2.8894,1.7871,2.0384,1.8119,1.7281,3.0712,1.8895,1.8657,1.7922,1.7766,1.6084,1.2305,0.88129,0.72356,1.4129,0.79349,1.0505,1.4351,0.029825,0,0.39824,1.8167,0.48705]                          [0.64199,1.7822,2.4911,1.3888,1.6401,1.4137,1.3298,2.673,1.4913,1.4675,1.394,1.3783,1.2101,0.83222,1.2795,0.32532,1.0147,0.39525,0.65229,1.0369,0.36841,0.39824,0,1.4184,0.088813]                          [0.77644,0.36378,1.0727,0.029598,0.22169,0.0047534,0.088589,1.2546,0.072869,0.04903,0.024456,0.040077,0.20828,0.5862,2.698,1.0931,0.40373,1.0232,0.76613,0.38153,1.7868,1.8167,1.4184,0,1.3296]             [0.55317,1.6934,2.4023,1.3,1.5513,1.3249,1.241,2.5842,1.4025,1.3786,1.3052,1.2895,1.1213,0.74341,1.3683,0.23651,0.92588,0.30644,0.56348,0.94808,0.45722,0.48705,0.088813,1.3296,0]];                        