n=49;                                                                                                                                                                                                                                                                                                                                                                                                       p=3;                                                                                                                                                                                                                                                                                                                                                                                                                                                                                                                                                                                                                                                                                                                                                                                                                    P=[[0,1,0,0,1,1,0,1,0,0,0,0,0,0,0,0,0,0,0,0,0,0,0,0,0,0,0,0,0,0,0,0,0,0,0,0,0,0,0,0,0,0,0,0,0,0,0,0,0]                                                                                                                                                                                                                                                                                                      [1,0,1,0,0,1,1,0,1,0,0,0,0,0,0,0,0,0,0,0,0,0,0,0,0,0,0,0,0,0,0,0,0,0,0,0,0,0,0,0,0,0,0,0,0,0,0,0,0]                                                                                                                                                                                                                                                                                                         [0,1,0,1,0,0,1,1,0,1,0,0,0,0,0,0,0,0,0,0,0,0,0,0,0,0,0,0,0,0,0,0,0,0,0,0,0,0,0,0,0,0,0,0,0,0,0,0,0]                                                                                                                                                                                                                                                                                                         [0,0,1,0,1,0,0,1,1,0,1,0,0,0,0,0,0,0,0,0,0,0,0,0,0,0,0,0,0,0,0,0,0,0,0,0,0,0,0,0,0,0,0,0,0,0,0,0,0]                                                                                                                                                                                                                                                                                                         [1,0,0,1,0,1,0,0,1,1,0,1,0,0,0,0,0,0,0,0,0,0,0,0,0,0,0,0,0,0,0,0,0,0,0,0,0,0,0,0,0,0,0,0,0,0,0,0,0]                                                                                                                                                                                                                                                                                                         [1,1,0,0,1,0,1,0,0,1,1,0,1,0,0,0,0,0,0,0,0,0,0,0,0,0,0,0,0,0,0,0,0,0,0,0,0,0,0,0,0,0,0,0,0,0,0,0,0]                                                                                                                                                                                                                                                                                                         [0,1,1,0,0,1,0,1,0,0,1,1,0,1,0,0,0,0,0,0,0,0,0,0,0,0,0,0,0,0,0,0,0,0,0,0,0,0,0,0,0,0,0,0,0,0,0,0,0]                                                                                                                                                                                                                                                                                                         [1,0,1,1,0,0,1,0,1,0,0,1,1,0,1,0,0,0,0,0,0,0,0,0,0,0,0,0,0,0,0,0,0,0,0,0,0,0,0,0,0,0,0,0,0,0,0,0,0]                                                                                                                                                                                                                                                                                                         [0,1,0,1,1,0,0,1,0,1,0,0,1,1,0,1,0,0,0,0,0,0,0,0,0,0,0,0,0,0,0,0,0,0,0,0,0,0,0,0,0,0,0,0,0,0,0,0,0]                                                                                                                                                                                                                                                                                                         [0,0,1,0,1,1,0,0,1,0,1,0,0,1,1,0,1,0,0,0,0,0,0,0,0,0,0,0,0,0,0,0,0,0,0,0,0,0,0,0,0,0,0,0,0,0,0,0,0]                                                                                                                                                                                                                                                                                                         [0,0,0,1,0,1,1,0,0,1,0,1,0,0,1,1,0,1,0,0,0,0,0,0,0,0,0,0,0,0,0,0,0,0,0,0,0,0,0,0,0,0,0,0,0,0,0,0,0]                                                                                                                                                                                                                                                                                                         [0,0,0,0,1,0,1,1,0,0,1,0,1,0,0,1,1,0,1,0,0,0,0,0,0,0,0,0,0,0,0,0,0,0,0,0,0,0,0,0,0,0,0,0,0,0,0,0,0]                                                                                                                                                                                                                                                                                                         [0,0,0,0,0,1,0,1,1,0,0,1,0,1,0,0,0,1,0,1,0,0,0,0,0,0,0,0,0,0,0,0,0,0,0,0,0,0,0,0,0,0,0,0,0,0,0,0,0]                                                                                                                                                                                                                                                                                                         [0,0,0,0,0,0,1,0,1,1,0,0,1,0,1,0,0,0,1,0,1,0,0,0,0,0,0,0,0,0,0,0,0,0,0,0,0,0,0,0,0,0,0,0,0,0,0,0,0]                                                                                                                                                                                                                                                                                                         [0,0,0,0,0,0,0,1,0,1,1,0,0,1,0,1,0,0,0,1,0,1,0,0,0,0,0,0,0,0,0,0,0,0,0,0,0,0,0,0,0,0,0,0,0,0,0,0,0]                                                                                                                                                                                                                                                                                                         [0,0,0,0,0,0,0,0,1,0,1,1,0,0,1,0,1,0,0,0,1,0,1,0,0,0,0,0,0,0,0,0,0,0,0,0,0,0,0,0,0,0,0,0,0,0,0,0,0]                                                                                                                                                                                                                                                                                                         [0,0,0,0,0,0,0,0,0,1,0,1,0,0,0,1,0,1,0,0,0,1,0,1,0,0,0,0,0,0,0,0,0,0,0,0,0,0,0,0,0,0,0,0,0,0,0,0,0]                                                                                                                                                                                                                                                                                                         [0,0,0,0,0,0,0,0,0,0,1,0,1,0,0,0,1,0,1,0,0,0,1,0,1,0,0,0,0,0,0,0,0,0,0,0,0,0,0,0,0,0,0,0,0,0,0,0,0]                                                                                                                                                                                                                                                                                                         [0,0,0,0,0,0,0,0,0,0,0,1,0,1,0,0,0,1,0,1,0,0,0,1,0,1,0,0,0,0,0,0,0,0,0,0,0,0,0,0,0,0,0,0,0,0,0,0,0]                                                                                                                                                                                                                                                                                                         [0,0,0,0,0,0,0,0,0,0,0,0,1,0,1,0,0,0,1,0,1,0,0,0,1,0,1,0,0,0,0,0,0,0,0,0,0,0,0,0,0,0,0,0,0,0,0,0,0]                                                                                                                                                                                                                                                                                                         [0,0,0,0,0,0,0,0,0,0,0,0,0,1,0,1,0,0,0,1,0,1,0,0,0,0,0,1,0,0,0,0,0,0,0,0,0,0,0,0,0,0,0,0,0,0,0,0,0]                                                                                                                                                                                                                                                                                                         [0,0,0,0,0,0,0,0,0,0,0,0,0,0,1,0,1,0,0,0,1,0,1,0,0,0,0,0,1,0,0,0,0,0,0,0,0,0,0,0,0,0,0,0,0,0,0,0,0]                                                                                                                                                                                                                                                                                                         [0,0,0,0,0,0,0,0,0,0,0,0,0,0,0,1,0,1,0,0,0,1,0,1,0,0,0,0,0,1,0,0,0,0,0,0,0,0,0,0,0,0,0,0,0,0,0,0,0]                                                                                                                                                                                                                                                                                                         [0,0,0,0,0,0,0,0,0,0,0,0,0,0,0,0,1,0,1,0,0,0,1,0,1,0,0,0,0,0,1,0,0,0,0,0,0,0,0,0,0,0,0,0,0,0,0,0,0]                                                                                                                                                                                                                                                                                                         [0,0,0,0,0,0,0,0,0,0,0,0,0,0,0,0,0,1,0,1,0,0,0,1,0,1,0,0,0,0,0,1,0,0,0,0,0,0,0,0,0,0,0,0,0,0,0,0,0]                                                                                                                                                                                                                                                                                                         [0,0,0,0,0,0,0,0,0,0,0,0,0,0,0,0,0,0,1,0,0,0,0,0,1,0,1,0,0,0,0,0,1,0,0,0,0,0,0,0,0,0,0,0,0,0,0,0,0]                                                                                                                                                                                                                                                                                                         [0,0,0,0,0,0,0,0,0,0,0,0,0,0,0,0,0,0,0,1,0,0,0,0,0,1,0,1,0,0,0,0,0,1,0,0,0,0,0,0,0,0,0,0,0,0,0,0,0]                                                                                                                                                                                                                                                                                                         [0,0,0,0,0,0,0,0,0,0,0,0,0,0,0,0,0,0,0,0,1,0,0,0,0,0,1,0,0,0,0,0,0,0,1,0,0,0,0,0,0,0,0,0,0,0,0,0,0]                                                                                                                                                                                                                                                                                                         [0,0,0,0,0,0,0,0,0,0,0,0,0,0,0,0,0,0,0,0,0,1,0,0,0,0,0,0,0,1,0,0,0,0,0,1,0,0,0,0,0,0,0,0,0,0,0,0,0]                                                                                                                                                                                                                                                                                                         [0,0,0,0,0,0,0,0,0,0,0,0,0,0,0,0,0,0,0,0,0,0,1,0,0,0,0,0,1,0,1,0,0,0,0,0,1,0,0,0,0,0,0,0,0,0,0,0,0]                                                                                                                                                                                                                                                                                                         [0,0,0,0,0,0,0,0,0,0,0,0,0,0,0,0,0,0,0,0,0,0,0,1,0,0,0,0,0,1,0,1,0,0,0,0,0,1,0,0,0,0,0,0,0,0,0,0,0]                                                                                                                                                                                                                                                                                                         [0,0,0,0,0,0,0,0,0,0,0,0,0,0,0,0,0,0,0,0,0,0,0,0,1,0,0,0,0,0,1,0,1,0,0,0,0,0,1,0,0,0,0,0,0,0,0,0,0]                                                                                                                                                                                                                                                                                                         [0,0,0,0,0,0,0,0,0,0,0,0,0,0,0,0,0,0,0,0,0,0,0,0,0,1,0,0,0,0,0,1,0,1,0,0,0,0,0,1,0,0,0,0,0,0,0,0,0]                                                                                                                                                                                                                                                                                                         [0,0,0,0,0,0,0,0,0,0,0,0,0,0,0,0,0,0,0,0,0,0,0,0,0,0,1,0,0,0,0,0,1,0,1,0,0,0,0,0,1,0,0,0,0,0,0,0,0]                                                                                                                                                                                                                                                                                                         [0,0,0,0,0,0,0,0,0,0,0,0,0,0,0,0,0,0,0,0,0,0,0,0,0,0,0,1,0,0,0,0,0,1,0,0,0,0,0,0,0,1,0,0,0,0,0,0,0]                                                                                                                                                                                                                                                                                                         [0,0,0,0,0,0,0,0,0,0,0,0,0,0,0,0,0,0,0,0,0,0,0,0,0,0,0,0,1,0,0,0,0,0,0,0,1,0,0,0,0,0,1,0,0,0,0,0,0]                                                                                                                                                                                                                                                                                                         [0,0,0,0,0,0,0,0,0,0,0,0,0,0,0,0,0,0,0,0,0,0,0,0,0,0,0,0,0,1,0,0,0,0,0,1,0,1,0,0,0,0,0,1,0,0,0,0,0]                                                                                                                                                                                                                                                                                                         [0,0,0,0,0,0,0,0,0,0,0,0,0,0,0,0,0,0,0,0,0,0,0,0,0,0,0,0,0,0,1,0,0,0,0,0,1,0,1,0,0,0,0,0,1,0,0,0,0]                                                                                                                                                                                                                                                                                                         [0,0,0,0,0,0,0,0,0,0,0,0,0,0,0,0,0,0,0,0,0,0,0,0,0,0,0,0,0,0,0,1,0,0,0,0,0,1,0,1,0,0,0,0,0,1,0,0,0]                                                                                                                                                                                                                                                                                                         [0,0,0,0,0,0,0,0,0,0,0,0,0,0,0,0,0,0,0,0,0,0,0,0,0,0,0,0,0,0,0,0,1,0,0,0,0,0,1,0,1,0,0,0,0,0,1,0,0]                                                                                                                                                                                                                                                                                                         [0,0,0,0,0,0,0,0,0,0,0,0,0,0,0,0,0,0,0,0,0,0,0,0,0,0,0,0,0,0,0,0,0,1,0,0,0,0,0,1,0,1,0,0,0,0,0,1,0]                                                                                                                                                                                                                                                                                                         [0,0,0,0,0,0,0,0,0,0,0,0,0,0,0,0,0,0,0,0,0,0,0,0,0,0,0,0,0,0,0,0,0,0,1,0,0,0,0,0,1,0,0,0,0,0,0,0,1]                                                                                                                                                                                                                                                                                                         [0,0,0,0,0,0,0,0,0,0,0,0,0,0,0,0,0,0,0,0,0,0,0,0,0,0,0,0,0,0,0,0,0,0,0,1,0,0,0,0,0,0,0,1,0,0,0,0,0]                                                                                                                                                                                                                                                                                                         [0,0,0,0,0,0,0,0,0,0,0,0,0,0,0,0,0,0,0,0,0,0,0,0,0,0,0,0,0,0,0,0,0,0,0,0,1,0,0,0,0,0,1,0,1,0,0,0,0]                                                                                                                                                                                                                                                                                                         [0,0,0,0,0,0,0,0,0,0,0,0,0,0,0,0,0,0,0,0,0,0,0,0,0,0,0,0,0,0,0,0,0,0,0,0,0,1,0,0,0,0,0,1,0,1,0,0,0]                                                                                                                                                                                                                                                                                                         [0,0,0,0,0,0,0,0,0,0,0,0,0,0,0,0,0,0,0,0,0,0,0,0,0,0,0,0,0,0,0,0,0,0,0,0,0,0,1,0,0,0,0,0,1,0,1,0,0]                                                                                                                                                                                                                                                                                                         [0,0,0,0,0,0,0,0,0,0,0,0,0,0,0,0,0,0,0,0,0,0,0,0,0,0,0,0,0,0,0,0,0,0,0,0,0,0,0,1,0,0,0,0,0,1,0,1,0]                                                                                                                                                                                                                                                                                                         [0,0,0,0,0,0,0,0,0,0,0,0,0,0,0,0,0,0,0,0,0,0,0,0,0,0,0,0,0,0,0,0,0,0,0,0,0,0,0,0,1,0,0,0,0,0,1,0,1]                                                                                                                                                                                                                                                                                                         [0,0,0,0,0,0,0,0,0,0,0,0,0,0,0,0,0,0,0,0,0,0,0,0,0,0,0,0,0,0,0,0,0,0,0,0,0,0,0,0,0,1,0,0,0,0,0,1,0]                                                                                                                                                                                                                                                                                                                                                                                                                                                                                                                                                                                                                                                                                                                     d=[[0,0.16302,1.5626,3.0822,4.1401,2.9288,2.8918,0.91012,1.144,1.3611,3.3336,1.544,2.6351,3.4333,0.39923,2.7937,1.5457,0.58588,1.7426,0.64918,0.72788,2.1722,2.0615,1.1611,0.21988,0.32271,2.2875,0.11634,0.72548,0.31206,1.7815,2.0198,0.51136,0.86689,0.45744,0.34052,0.72162,0.45942,0.83944,1.1288,0.73159,1.0859,0.043503,0.71998,0.94906,1.6211,1.5357,0.88166,0.32931]                               [0.16302,0,1.3996,2.9192,3.9771,2.7658,2.7287,1.0731,0.98098,1.1981,3.1706,1.381,2.472,3.2703,0.23621,2.6306,1.3827,0.42286,1.5796,0.48617,0.8909,2.0092,1.8985,0.99808,0.056867,0.48573,2.4505,0.27936,0.56247,0.14904,1.6185,1.8568,0.67437,1.0299,0.62046,0.17751,0.88464,0.62244,0.67642,0.96582,0.89461,1.2489,0.11951,0.88299,1.1121,1.4581,1.3727,0.71865,0.16629]                                   [1.5626,1.3996,0,1.5196,2.5775,1.3662,1.3292,2.4727,0.41861,0.2015,1.771,0.018604,1.0725,1.8707,1.1634,1.2311,0.016903,0.97672,0.18004,0.91342,2.2905,0.60959,0.49887,0.4015,1.3427,1.8853,3.8501,1.6789,0.83712,1.2505,0.21891,0.45719,2.074,2.4295,2.02,1.2221,2.2842,2.022,0.72316,0.43376,2.2942,2.6485,1.5191,2.2826,2.5117,0.058522,0.02692,0.68094,1.2333]                                           [3.0822,2.9192,1.5196,0,1.0579,0.15339,0.19046,3.9923,1.9382,1.7211,0.25143,1.5382,0.44717,0.35112,2.683,0.28856,1.5365,2.4963,1.3396,2.433,3.8101,0.91003,1.0207,1.9211,2.8623,3.4049,5.3697,3.1986,2.3567,2.7702,1.3007,1.0624,3.5936,3.9491,3.5397,2.7417,3.8038,3.5416,2.2428,1.9534,3.8138,4.1681,3.0387,3.8022,4.0313,1.4611,1.5465,2.2006,2.7529]                                                    [4.1401,3.9771,2.5775,1.0579,0,1.2113,1.2484,5.0502,2.9961,2.779,0.80648,2.5961,1.5051,0.70679,3.7409,1.3465,2.5944,3.5543,2.3975,3.4909,4.868,1.9679,2.0787,2.979,3.9202,4.4628,6.4276,4.2565,3.4146,3.8281,2.3586,2.1203,4.6515,5.007,4.5976,3.7996,4.8617,4.5995,3.3007,3.0113,4.8717,5.226,4.0966,4.8601,5.0892,2.519,2.6044,3.2585,3.8108]                                                             [2.9288,2.7658,1.3662,0.15339,1.2113,0,0.037073,3.839,1.7848,1.5677,0.40481,1.3848,0.29378,0.50451,2.5296,0.13517,1.3831,2.343,1.1862,2.2797,3.6567,0.75664,0.86736,1.7677,2.709,3.2515,5.2164,3.0452,2.2034,2.6168,1.1473,0.90905,3.4402,3.7957,3.3863,2.5883,3.6505,3.3883,2.0894,1.8,3.6604,4.0147,2.8853,3.6488,3.8779,1.3077,1.3932,2.0472,2.5995]                                                     [2.8918,2.7287,1.3292,0.19046,1.2484,0.037073,0,3.8019,1.7478,1.5307,0.44189,1.3478,0.25671,0.54158,2.4925,0.0981,1.3461,2.3059,1.1491,2.2426,3.6196,0.71957,0.83029,1.7307,2.6719,3.2145,5.1793,3.0081,2.1663,2.5797,1.1103,0.87197,3.4031,3.7587,3.3492,2.5512,3.6134,3.3512,2.0523,1.7629,3.6234,3.9777,2.8483,3.6117,3.8408,1.2706,1.3561,2.0101,2.5625]                                                [0.91012,1.0731,2.4727,3.9923,5.0502,3.839,3.8019,0,2.0541,2.2712,4.2438,2.4541,3.5452,4.3435,1.3093,3.7038,2.4558,1.496,2.6528,1.5593,0.18224,3.0823,2.9716,2.0712,1.13,0.58741,1.3774,0.79378,1.6356,1.2222,2.6916,2.9299,0.39876,0.043229,0.45267,1.2506,0.1885,0.4507,1.7496,2.039,0.17852,0.17578,0.95362,0.19014,0.038941,2.5312,2.4458,1.7918,1.2394]                                                [1.144,0.98098,0.41861,1.9382,2.9961,1.7848,1.7478,2.0541,0,0.21711,2.1897,0.4,1.4911,2.2893,0.74476,1.6497,0.4017,0.55812,0.59865,0.49481,1.8719,1.0282,0.91748,0.017104,0.92411,1.4667,3.4315,1.2603,0.41851,0.83193,0.63751,0.87579,1.6554,2.0109,1.6014,0.80347,1.8656,1.6034,0.30455,0.015153,1.8756,2.2299,1.1005,1.864,2.0931,0.47713,0.39169,0.26233,0.81468]                                       [1.3611,1.1981,0.2015,1.7211,2.779,1.5677,1.5307,2.2712,0.21711,0,1.9725,0.1829,1.274,2.0722,0.96187,1.4326,0.1846,0.77522,0.38154,0.71192,2.089,0.81109,0.70037,0.2,1.1412,1.6838,3.6486,1.4774,0.63562,1.049,0.42041,0.65869,1.8725,2.228,1.8185,1.0206,2.0827,1.8205,0.52166,0.23226,2.0927,2.447,1.3176,2.0811,2.3102,0.26002,0.17458,0.47944,1.0318]                                                   [3.3336,3.1706,1.771,0.25143,0.80648,0.40481,0.44189,4.2438,2.1897,1.9725,0,1.7897,0.69859,0.099693,2.9344,0.53999,1.788,2.7478,1.591,2.6845,4.0615,1.1615,1.2722,2.1726,3.1138,3.6564,5.6212,3.45,2.6082,3.0216,1.5521,1.3139,3.845,4.2005,3.7911,2.9931,4.0553,3.7931,2.4942,2.2048,4.0652,4.4195,3.2901,4.0536,4.2827,1.7125,1.798,2.452,3.0043]                                                         [1.544,1.381,0.018604,1.5382,2.5961,1.3848,1.3478,2.4541,0.4,0.1829,1.7897,0,1.0911,1.8893,1.1448,1.2497,0.0017007,0.95812,0.19864,0.89481,2.2719,0.6282,0.51748,0.3829,1.3241,1.8667,3.8315,1.6603,0.81851,1.2319,0.23751,0.47579,2.0554,2.4109,2.0014,1.2035,2.2656,2.0034,0.70456,0.41516,2.2756,2.6299,1.5005,2.264,2.4931,0.077126,0.0083166,0.66234,1.2147]                                           [2.6351,2.472,1.0725,0.44717,1.5051,0.29378,0.25671,3.5452,1.4911,1.274,0.69859,1.0911,0,0.79829,2.2358,0.15861,1.0894,2.0492,0.89241,1.9859,3.3629,0.46286,0.57358,1.474,2.4152,2.9578,4.9226,2.7514,1.9096,2.323,0.85355,0.61527,3.1464,3.5019,3.0925,2.2945,3.3567,3.0945,1.7956,1.5062,3.3666,3.721,2.5916,3.355,3.5841,1.0139,1.0994,1.7534,2.3057]                                                    [3.4333,3.2703,1.8707,0.35112,0.70679,0.50451,0.54158,4.3435,2.2893,2.0722,0.099693,1.8893,0.79829,0,3.0341,0.63968,1.8876,2.8475,1.6907,2.7842,4.1612,1.2611,1.3719,2.2722,3.2135,3.756,5.7209,3.5497,2.7079,3.1213,1.6518,1.4136,3.9447,4.3002,3.8908,3.0928,4.155,3.8928,2.5939,2.3045,4.1649,4.5192,3.3898,4.1533,4.3824,1.8122,1.8977,2.5517,3.104]                                                    [0.39923,0.23621,1.1634,2.683,3.7409,2.5296,2.4925,1.3093,0.74476,0.96187,2.9344,1.1448,2.2358,3.0341,0,2.3944,1.1465,0.18665,1.3434,0.24995,1.1271,1.773,1.6622,0.76187,0.17935,0.72194,2.6868,0.51557,0.32625,0.087171,1.3823,1.6206,0.91059,1.2661,0.85667,0.058709,1.1209,0.85865,0.44021,0.72961,1.1308,1.4851,0.35573,1.1192,1.3483,1.2219,1.1364,0.48243,0.06992]                                    [2.7937,2.6306,1.2311,0.28856,1.3465,0.13517,0.0981,3.7038,1.6497,1.4326,0.53999,1.2497,0.15861,0.63968,2.3944,0,1.248,2.2078,1.051,2.1445,3.5215,0.62147,0.73219,1.6326,2.5738,3.1164,5.0812,2.91,2.0682,2.4816,1.0122,0.77388,3.305,3.6606,3.2511,2.4531,3.5153,3.2531,1.9542,1.6648,3.5253,3.8796,2.7502,3.5136,3.7427,1.1725,1.258,1.912,2.4644]                                                        [1.5457,1.3827,0.016903,1.5365,2.5944,1.3831,1.3461,2.4558,0.4017,0.1846,1.788,0.0017007,1.0894,1.8876,1.1465,1.248,0,0.95982,0.19694,0.89651,2.2736,0.6265,0.51578,0.3846,1.3258,1.8684,3.8332,1.662,0.82021,1.2336,0.23581,0.47409,2.0571,2.4126,2.0031,1.2052,2.2673,2.0051,0.70626,0.41686,2.2773,2.6316,1.5022,2.2657,2.4948,0.075426,0.010017,0.66404,1.2164]                                         [0.58588,0.42286,0.97672,2.4963,3.5543,2.343,2.3059,1.496,0.55812,0.77522,2.7478,0.95812,2.0492,2.8475,0.18665,2.2078,0.95982,0,1.1568,0.063307,1.3138,1.5863,1.4756,0.57522,0.36599,0.90858,2.8734,0.70222,0.13961,0.27382,1.1956,1.4339,1.0972,1.4528,1.0433,0.24535,1.3075,1.0453,0.25357,0.54296,1.3175,1.6718,0.54237,1.3059,1.5349,1.0352,0.9498,0.29579,0.25657]                                     [1.7426,1.5796,0.18004,1.3396,2.3975,1.1862,1.1491,2.6528,0.59865,0.38154,1.591,0.19864,0.89241,1.6907,1.3434,1.051,0.19694,1.1568,0,1.0935,2.4705,0.42955,0.31883,0.58154,1.5228,2.0653,4.0302,1.859,1.0172,1.4306,0.038866,0.27715,2.254,2.6095,2.2001,1.4021,2.4643,2.2021,0.9032,0.6138,2.4742,2.8285,1.6991,2.4626,2.6917,0.12152,0.20696,0.86098,1.4133]                                              [0.64918,0.48617,0.91342,2.433,3.4909,2.2797,2.2426,1.5593,0.49481,0.71192,2.6845,0.89481,1.9859,2.7842,0.24995,2.1445,0.89651,0.063307,1.0935,0,1.3771,1.523,1.4123,0.51191,0.4293,0.97189,2.9367,0.76553,0.0763,0.33712,1.1323,1.3706,1.1605,1.5161,1.1066,0.30866,1.3708,1.1086,0.19026,0.47966,1.3808,1.7351,0.60568,1.3692,1.5982,0.97194,0.8865,0.23248,0.31987]                                      [0.72788,0.8909,2.2905,3.8101,4.868,3.6567,3.6196,0.18224,1.8719,2.089,4.0615,2.2719,3.3629,4.1612,1.1271,3.5215,2.2736,1.3138,2.4705,1.3771,0,2.9001,2.7894,1.889,0.94776,0.40517,1.5596,0.61154,1.4534,1.0399,2.5094,2.7477,0.21652,0.13901,0.27044,1.0684,0.0062584,0.26846,1.5673,1.8567,0.0037142,0.35802,0.77138,0.0079016,0.22118,2.349,2.2636,1.6095,1.0572]                                        [2.1722,2.0092,0.60959,0.91003,1.9679,0.75664,0.71957,3.0823,1.0282,0.81109,1.1615,0.6282,0.46286,1.2611,1.773,0.62147,0.6265,1.5863,0.42955,1.523,2.9001,0,0.11072,1.0111,1.9523,2.4949,4.4597,2.2885,1.4467,1.8601,0.39069,0.15241,2.6836,3.0391,2.6296,1.8317,2.8938,2.6316,1.3328,1.0434,2.9038,3.2581,2.1287,2.8922,3.1213,0.55107,0.63651,1.2905,1.8429]                                              [2.0615,1.8985,0.49887,1.0207,2.0787,0.86736,0.83029,2.9716,0.91748,0.70037,1.2722,0.51748,0.57358,1.3719,1.6622,0.73219,0.51578,1.4756,0.31883,1.4123,2.7894,0.11072,0,0.90038,1.8416,2.3842,4.349,2.1778,1.336,1.7494,0.27997,0.041689,2.5728,2.9284,2.5189,1.721,2.7831,2.5209,1.222,0.93264,2.7931,3.1474,2.018,2.7815,3.0105,0.44035,0.52579,1.1798,1.7322]                                            [1.1611,0.99808,0.4015,1.9211,2.979,1.7677,1.7307,2.0712,0.017104,0.2,2.1726,0.3829,1.474,2.2722,0.76187,1.6326,0.3846,0.57522,0.58154,0.51191,1.889,1.0111,0.90038,0,0.94121,1.4838,3.4486,1.2774,0.43561,0.84904,0.62041,0.85869,1.6725,2.028,1.6185,0.82057,1.8827,1.6205,0.32166,0.032257,1.8927,2.247,1.1176,1.8811,2.1102,0.46003,0.37458,0.27944,0.83179]                                            [0.21988,0.056867,1.3427,2.8623,3.9202,2.709,2.6719,1.13,0.92411,1.1412,3.1138,1.3241,2.4152,3.2135,0.17935,2.5738,1.3258,0.36599,1.5228,0.4293,0.94776,1.9523,1.8416,0.94121,0,0.54259,2.5074,0.33623,0.5056,0.092176,1.5616,1.7999,0.73124,1.0868,0.67733,0.12064,0.9415,0.6793,0.61956,0.90896,0.95148,1.3058,0.17638,0.93986,1.1689,1.4012,1.3158,0.66178,0.10943]                                      [0.32271,0.48573,1.8853,3.4049,4.4628,3.2515,3.2145,0.58741,1.4667,1.6838,3.6564,1.8667,2.9578,3.756,0.72194,3.1164,1.8684,0.90858,2.0653,0.97189,0.40517,2.4949,2.3842,1.4838,0.54259,0,1.9648,0.20637,1.0482,0.63477,2.1042,2.3425,0.18865,0.54418,0.13473,0.66323,0.39891,0.13671,1.1621,1.4515,0.40889,0.76319,0.36621,0.39727,0.62635,1.9438,1.8584,1.2044,0.65202]                                    [2.2875,2.4505,3.8501,5.3697,6.4276,5.2164,5.1793,1.3774,3.4315,3.6486,5.6212,3.8315,4.9226,5.7209,2.6868,5.0812,3.8332,2.8734,4.0302,2.9367,1.5596,4.4597,4.349,3.4486,2.5074,1.9648,0,2.1712,3.013,2.5996,4.069,4.3073,1.7762,1.4206,1.8301,2.628,1.5659,1.8281,3.127,3.4164,1.5559,1.2016,2.331,1.5675,1.3385,3.9086,3.8232,3.1692,2.6168]                                                               [0.11634,0.27936,1.6789,3.1986,4.2565,3.0452,3.0081,0.79378,1.2603,1.4774,3.45,1.6603,2.7514,3.5497,0.51557,2.91,1.662,0.70222,1.859,0.76553,0.61154,2.2885,2.1778,1.2774,0.33623,0.20637,2.1712,0,0.84183,0.4284,1.8978,2.1361,0.39501,0.75055,0.3411,0.45686,0.60528,0.34308,0.95578,1.2452,0.61525,0.96955,0.15985,0.60364,0.83272,1.7375,1.652,0.998,0.44565]                                           [0.72548,0.56247,0.83712,2.3567,3.4146,2.2034,2.1663,1.6356,0.41851,0.63562,2.6082,0.81851,1.9096,2.7079,0.32625,2.0682,0.82021,0.13961,1.0172,0.0763,1.4534,1.4467,1.336,0.43561,0.5056,1.0482,3.013,0.84183,0,0.41342,1.056,1.2943,1.2368,1.5924,1.1829,0.38496,1.4471,1.1849,0.11396,0.40336,1.4571,1.8114,0.68198,1.4455,1.6745,0.89564,0.8102,0.15618,0.39617]                                         [0.31206,0.14904,1.2505,2.7702,3.8281,2.6168,2.5797,1.2222,0.83193,1.049,3.0216,1.2319,2.323,3.1213,0.087171,2.4816,1.2336,0.27382,1.4306,0.33712,1.0399,1.8601,1.7494,0.84904,0.092176,0.63477,2.5996,0.4284,0.41342,0,1.4694,1.7077,0.82342,1.1789,0.7695,0.028463,1.0337,0.77148,0.52738,0.81678,1.0437,1.398,0.26856,1.032,1.2611,1.3091,1.2236,0.5696,0.017251]                                        [1.7815,1.6185,0.21891,1.3007,2.3586,1.1473,1.1103,2.6916,0.63751,0.42041,1.5521,0.23751,0.85355,1.6518,1.3823,1.0122,0.23581,1.1956,0.038866,1.1323,2.5094,0.39069,0.27997,0.62041,1.5616,2.1042,4.069,1.8978,1.056,1.4694,0,0.23828,2.2929,2.6484,2.239,1.441,2.5031,2.2409,0.94207,0.65267,2.5131,2.8674,1.738,2.5015,2.7306,0.16038,0.24583,0.89985,1.4522]                                             [2.0198,1.8568,0.45719,1.0624,2.1203,0.90905,0.87197,2.9299,0.87579,0.65869,1.3139,0.47579,0.61527,1.4136,1.6206,0.77388,0.47409,1.4339,0.27715,1.3706,2.7477,0.15241,0.041689,0.85869,1.7999,2.3425,4.3073,2.1361,1.2943,1.7077,0.23828,0,2.5311,2.8867,2.4772,1.6793,2.7414,2.4792,1.1803,0.89095,2.7514,3.1057,1.9763,2.7398,2.9688,0.39866,0.48411,1.1381,1.6905]                                       [0.51136,0.67437,2.074,3.5936,4.6515,3.4402,3.4031,0.39876,1.6554,1.8725,3.845,2.0554,3.1464,3.9447,0.91059,3.305,2.0571,1.0972,2.254,1.1605,0.21652,2.6836,2.5728,1.6725,0.73124,0.18865,1.7762,0.39501,1.2368,0.82342,2.2929,2.5311,0,0.35553,0.053915,0.85188,0.21026,0.051937,1.3508,1.6402,0.22024,0.57454,0.55486,0.20862,0.4377,2.1325,2.047,1.393,0.84067]                                          [0.86689,1.0299,2.4295,3.9491,5.007,3.7957,3.7587,0.043229,2.0109,2.228,4.2005,2.4109,3.5019,4.3002,1.2661,3.6606,2.4126,1.4528,2.6095,1.5161,0.13901,3.0391,2.9284,2.028,1.0868,0.54418,1.4206,0.75055,1.5924,1.1789,2.6484,2.8867,0.35553,0,0.40945,1.2074,0.14527,0.40747,1.7063,1.9957,0.1353,0.21901,0.91039,0.14691,0.08217,2.488,2.4026,1.7486,1.1962]                                               [0.45744,0.62046,2.02,3.5397,4.5976,3.3863,3.3492,0.45267,1.6014,1.8185,3.7911,2.0014,3.0925,3.8908,0.85667,3.2511,2.0031,1.0433,2.2001,1.1066,0.27044,2.6296,2.5189,1.6185,0.67733,0.13473,1.8301,0.3411,1.1829,0.7695,2.239,2.4772,0.053915,0.40945,0,0.79797,0.26418,0.0019779,1.2969,1.5863,0.27415,0.62845,0.50095,0.26253,0.49162,2.0786,1.9931,1.3391,0.78675]                                       [0.34052,0.17751,1.2221,2.7417,3.7996,2.5883,2.5512,1.2506,0.80347,1.0206,2.9931,1.2035,2.2945,3.0928,0.058709,2.4531,1.2052,0.24535,1.4021,0.30866,1.0684,1.8317,1.721,0.82057,0.12064,0.66323,2.628,0.45686,0.38496,0.028463,1.441,1.6793,0.85188,1.2074,0.79797,0,1.0621,0.79994,0.49892,0.78832,1.0721,1.4264,0.29702,1.0605,1.2896,1.2806,1.1952,0.54114,0.011211]                                     [0.72162,0.88464,2.2842,3.8038,4.8617,3.6505,3.6134,0.1885,1.8656,2.0827,4.0553,2.2656,3.3567,4.155,1.1209,3.5153,2.2673,1.3075,2.4643,1.3708,0.0062584,2.8938,2.7831,1.8827,0.9415,0.39891,1.5659,0.60528,1.4471,1.0337,2.5031,2.7414,0.21026,0.14527,0.26418,1.0621,0,0.2622,1.5611,1.8505,0.0099726,0.36428,0.76512,0.0016432,0.22744,2.3427,2.2573,1.6033,1.0509]                                       [0.45942,0.62244,2.022,3.5416,4.5995,3.3883,3.3512,0.4507,1.6034,1.8205,3.7931,2.0034,3.0945,3.8928,0.85865,3.2531,2.0051,1.0453,2.2021,1.1086,0.26846,2.6316,2.5209,1.6205,0.6793,0.13671,1.8281,0.34308,1.1849,0.77148,2.2409,2.4792,0.051937,0.40747,0.0019779,0.79994,0.2622,0,1.2989,1.5883,0.27217,0.62648,0.50292,0.26056,0.48964,2.0805,1.9951,1.3411,0.78873]                                      [0.83944,0.67642,0.72316,2.2428,3.3007,2.0894,2.0523,1.7496,0.30455,0.52166,2.4942,0.70456,1.7956,2.5939,0.44021,1.9542,0.70626,0.25357,0.9032,0.19026,1.5673,1.3328,1.222,0.32166,0.61956,1.1621,3.127,0.95578,0.11396,0.52738,0.94207,1.1803,1.3508,1.7063,1.2969,0.49892,1.5611,1.2989,0,0.2894,1.571,1.9253,0.79594,1.5594,1.7885,0.78168,0.69624,0.04222,0.51013]                                      [1.1288,0.96582,0.43376,1.9534,3.0113,1.8,1.7629,2.039,0.015153,0.23226,2.2048,0.41516,1.5062,2.3045,0.72961,1.6648,0.41686,0.54296,0.6138,0.47966,1.8567,1.0434,0.93264,0.032257,0.90896,1.4515,3.4164,1.2452,0.40336,0.81678,0.65267,0.89095,1.6402,1.9957,1.5863,0.78832,1.8505,1.5883,0.2894,0,1.8604,2.2147,1.0853,1.8488,2.0779,0.49228,0.40684,0.24718,0.79953]                                      [0.73159,0.89461,2.2942,3.8138,4.8717,3.6604,3.6234,0.17852,1.8756,2.0927,4.0652,2.2756,3.3666,4.1649,1.1308,3.5253,2.2773,1.3175,2.4742,1.3808,0.0037142,2.9038,2.7931,1.8927,0.95148,0.40889,1.5559,0.61525,1.4571,1.0437,2.5131,2.7514,0.22024,0.1353,0.27415,1.0721,0.0099726,0.27217,1.571,1.8604,0,0.3543,0.7751,0.011616,0.21747,2.3527,2.2673,1.6133,1.0609]                                        [1.0859,1.2489,2.6485,4.1681,5.226,4.0147,3.9777,0.17578,2.2299,2.447,4.4195,2.6299,3.721,4.5192,1.4851,3.8796,2.6316,1.6718,2.8285,1.7351,0.35802,3.2581,3.1474,2.247,1.3058,0.76319,1.2016,0.96955,1.8114,1.398,2.8674,3.1057,0.57454,0.21901,0.62845,1.4264,0.36428,0.62648,1.9253,2.2147,0.3543,0,1.1294,0.36592,0.13684,2.707,2.6216,1.9676,1.4152]                                                    [0.043503,0.11951,1.5191,3.0387,4.0966,2.8853,2.8483,0.95362,1.1005,1.3176,3.2901,1.5005,2.5916,3.3898,0.35573,2.7502,1.5022,0.54237,1.6991,0.60568,0.77138,2.1287,2.018,1.1176,0.17638,0.36621,2.331,0.15985,0.68198,0.26856,1.738,1.9763,0.55486,0.91039,0.50095,0.29702,0.76512,0.50292,0.79594,1.0853,0.7751,1.1294,0,0.76348,0.99256,1.5776,1.4922,0.83816,0.28581]                                    [0.71998,0.88299,2.2826,3.8022,4.8601,3.6488,3.6117,0.19014,1.864,2.0811,4.0536,2.264,3.355,4.1533,1.1192,3.5136,2.2657,1.3059,2.4626,1.3692,0.0079016,2.8922,2.7815,1.8811,0.93986,0.39727,1.5675,0.60364,1.4455,1.032,2.5015,2.7398,0.20862,0.14691,0.26253,1.0605,0.0016432,0.26056,1.5594,1.8488,0.011616,0.36592,0.76348,0,0.22908,2.3411,2.2557,1.6016,1.0493]                                        [0.94906,1.1121,2.5117,4.0313,5.0892,3.8779,3.8408,0.038941,2.0931,2.3102,4.2827,2.4931,3.5841,4.3824,1.3483,3.7427,2.4948,1.5349,2.6917,1.5982,0.22118,3.1213,3.0105,2.1102,1.1689,0.62635,1.3385,0.83272,1.6745,1.2611,2.7306,2.9688,0.4377,0.08217,0.49162,1.2896,0.22744,0.48964,1.7885,2.0779,0.21747,0.13684,0.99256,0.22908,0,2.5702,2.4847,1.8307,1.2784]                                           [1.6211,1.4581,0.058522,1.4611,2.519,1.3077,1.2706,2.5312,0.47713,0.26002,1.7125,0.077126,1.0139,1.8122,1.2219,1.1725,0.075426,1.0352,0.12152,0.97194,2.349,0.55107,0.44035,0.46003,1.4012,1.9438,3.9086,1.7375,0.89564,1.3091,0.16038,0.39866,2.1325,2.488,2.0786,1.2806,2.3427,2.0805,0.78168,0.49228,2.3527,2.707,1.5776,2.3411,2.5702,0,0.085443,0.73946,1.2918]                                        [1.5357,1.3727,0.02692,1.5465,2.6044,1.3932,1.3561,2.4458,0.39169,0.17458,1.798,0.0083166,1.0994,1.8977,1.1364,1.258,0.010017,0.9498,0.20696,0.8865,2.2636,0.63651,0.52579,0.37458,1.3158,1.8584,3.8232,1.652,0.8102,1.2236,0.24583,0.48411,2.047,2.4026,1.9931,1.1952,2.2573,1.9951,0.69624,0.40684,2.2673,2.6216,1.4922,2.2557,2.4847,0.085443,0,0.65402,1.2064]                                          [0.88166,0.71865,0.68094,2.2006,3.2585,2.0472,2.0101,1.7918,0.26233,0.47944,2.452,0.66234,1.7534,2.5517,0.48243,1.912,0.66404,0.29579,0.86098,0.23248,1.6095,1.2905,1.1798,0.27944,0.66178,1.2044,3.1692,0.998,0.15618,0.5696,0.89985,1.1381,1.393,1.7486,1.3391,0.54114,1.6033,1.3411,0.04222,0.24718,1.6133,1.9676,0.83816,1.6016,1.8307,0.73946,0.65402,0,0.55235]                                       [0.3