n=16;                                                                                                                               p=3;                                                                                                                                                                                                                                                                    P=[[0,1,0,0,1,0,0,0,0,0,0,0,0,0,0,0]                                                                                                [1,0,1,0,0,1,0,0,0,0,0,0,0,0,0,0]                                                                                                   [0,1,0,1,0,0,1,0,0,0,0,0,0,0,0,0]                                                                                                   [0,0,1,0,0,0,0,1,0,0,0,0,0,0,0,0]                                                                                                   [1,0,0,0,0,1,0,0,1,0,0,0,0,0,0,0]                                                                                                   [0,1,0,0,1,0,1,0,0,1,0,0,0,0,0,0]                                                                                                   [0,0,1,0,0,1,0,1,0,0,1,0,0,0,0,0]                                                                                                   [0,0,0,1,0,0,1,0,0,0,0,1,0,0,0,0]                                                                                                   [0,0,0,0,1,0,0,0,0,1,0,0,1,0,0,0]                                                                                                   [0,0,0,0,0,1,0,0,1,0,1,0,0,1,0,0]                                                                                                   [0,0,0,0,0,0,1,0,0,1,0,1,0,0,1,0]                                                                                                   [0,0,0,0,0,0,0,1,0,0,1,0,0,0,0,1]                                                                                                   [0,0,0,0,0,0,0,0,1,0,0,0,0,1,0,0]                                                                                                   [0,0,0,0,0,0,0,0,0,1,0,0,1,0,1,0]                                                                                                   [0,0,0,0,0,0,0,0,0,0,1,0,0,1,0,1]                                                                                                   [0,0,0,0,0,0,0,0,0,0,0,1,0,0,1,0]                                                                                                                                                                                                                                       d=[[0,1.3676,2.3456,3.6065,0.70957,0.050929,1.5458,2.3067,1.3035,0.54178,1.345,0.88404,1.0683,0.13581,0.003275,0.41502]             [1.3676,0,0.97804,2.239,0.658,1.4185,0.17824,0.93914,2.671,0.82579,0.022606,0.48353,2.4358,1.5034,1.3708,1.7826]                    [2.3456,0.97804,0,1.2609,1.636,2.3965,0.79981,0.038901,3.6491,1.8038,1.0006,1.4616,3.4139,2.4814,2.3489,2.7606]                     [3.6065,2.239,1.2609,0,2.897,3.6575,2.0607,1.2998,4.91,3.0648,2.2616,2.7225,4.6748,3.7423,3.6098,4.0216]                            [0.70957,0.658,1.636,2.897,0,0.7605,0.83624,1.5971,2.013,0.16779,0.6354,0.17447,1.7778,0.84537,0.71284,1.1246]                      [0.050929,1.4185,2.3965,3.6575,0.7605,0,1.5967,2.3576,1.2525,0.59271,1.3959,0.93497,1.0173,0.084877,0.047654,0.36409]               [1.5458,0.17824,0.79981,2.0607,0.83624,1.5967,0,0.7609,2.8493,1.004,0.20084,0.66177,2.6141,1.6816,1.5491,1.9608]                    [2.3067,0.93914,0.038901,1.2998,1.5971,2.3576,0.7609,0,3.6102,1.7649,0.96175,1.4227,3.375,2.4425,2.31,2.7217]                       [1.3035,2.671,3.6491,4.91,2.013,1.2525,2.8493,3.6102,0,1.8452,2.6484,2.1875,0.2352,1.1677,1.3002,0.88844]                           [0.54178,0.82579,1.8038,3.0648,0.16779,0.59271,1.004,1.7649,1.8452,0,0.80319,0.34226,1.61,0.67758,0.54505,0.9568]                   [1.345,0.022606,1.0006,2.2616,0.6354,1.3959,0.20084,0.96175,2.6484,0.80319,0,0.46093,2.4132,1.4808,1.3482,1.76]                     [0.88404,0.48353,1.4616,2.7225,0.17447,0.93497,0.66177,1.4227,2.1875,0.34226,0.46093,0,1.9523,1.0198,0.88732,1.2991]                [1.0683,2.4358,3.4139,4.6748,1.7778,1.0173,2.6141,3.375,0.2352,1.61,2.4132,1.9523,0,0.93245,1.065,0.65324]                          [0.13581,1.5034,2.4814,3.7423,0.84537,0.084877,1.6816,2.4425,1.1677,0.67758,1.4808,1.0198,0.93245,0,0.13253,0.27921]                [0.003275,1.3708,2.3489,3.6098,0.71284,0.047654,1.5491,2.31,1.3002,0.54505,1.3482,0.88732,1.065,0.13253,0,0.41174]                  [0.41502,1.7826,2.7606,4.0216,1.1246,0.36409,1.9608,2.7217,0.88844,0.9568,1.76,1.2991,0.65324,0.27921,0.41174,0]];                  